epoch:0 0.2153  0.44  0.183  0.0311  0.1126  0.2607  0.2799  0.398  0.4053  0.0624  0.2502  0.4577  5.4542  0.0005
epoch:1 0.2551  0.5115  0.223  0.037  0.134  0.3036  0.3036  0.4213  0.4292  0.0795  0.2579  0.4934  4.4167  0.0005
epoch:2 0.2791  0.5499  0.2516  0.0401  0.1546  0.3284  0.3142  0.4416  0.4528  0.095  0.289  0.5117  4.1129  0.0005
epoch:3 0.2932  0.5665  0.2703  0.04  0.1577  0.3504  0.3224  0.4526  0.4628  0.103  0.2921  0.5269  4.0158  0.0005
epoch:4 0.2702  0.538  0.2409  0.0391  0.1707  0.3144  0.3046  0.4377  0.4493  0.0948  0.3174  0.4994  3.8946  0.0005
epoch:5 0.3645  0.6379  0.3772  0.0603  0.2111  0.4294  0.3714  0.5091  0.5191  0.1242  0.3606  0.585  3.4526  0.00015
epoch:6 0.3592  0.6429  0.3616  0.0606  0.2148  0.422  0.3634  0.5004  0.5095  0.1295  0.3532  0.574  3.2581  0.00015
epoch:7 0.3705  0.653  0.3799  0.0626  0.2202  0.4338  0.3721  0.5105  0.5195  0.1307  0.3676  0.5817  3.1741  0.00015
epoch:8 0.3765  0.6537  0.3904  0.0661  0.2277  0.4415  0.3748  0.5138  0.5222  0.136  0.3682  0.5857  3.1054  0.00015
epoch:9 0.3903  0.6648  0.4107  0.0698  0.2349  0.4575  0.3837  0.5264  0.5354  0.1436  0.3858  0.6002  3.0519  0.00015
epoch:10 0.4043  0.6793  0.4237  0.0664  0.2377  0.4736  0.392  0.5355  0.5444  0.1354  0.3899  0.6104  2.926  4.5e-05
epoch:11 0.4045  0.6817  0.4275  0.0707  0.2438  0.4719  0.3905  0.533  0.5417  0.1427  0.3849  0.6076  2.8738  4.5e-05
epoch:12 0.3995  0.6773  0.4222  0.0701  0.2409  0.4675  0.389  0.5303  0.5373  0.1395  0.3817  0.6038  2.8437  4.5e-05
epoch:13 0.4019  0.682  0.4273  0.0698  0.2446  0.469  0.3883  0.53  0.5381  0.1398  0.3894  0.6041  2.804  4.5e-05
epoch:14 0.404  0.6821  0.4256  0.0629  0.2472  0.471  0.3895  0.5321  0.5397  0.1358  0.3902  0.6062  2.8025  4.5e-05
